 0.1024170 1.043673442
 0.2048340 0.741888350
 0.3072510 1.046817037
 0.4096680 0.521836721
 0.5120849 0.499831558
 0.6145019 0.528123910
 0.7169189 0.512405937
 0.8193359 0.572134236
 0.9217529 0.333221039
 1.0241699 0.323790255
 1.1265869 0.348939012
 1.2290039 0.286067118
 1.3314208 0.267205550
 1.4338378 0.204333656
 1.5362548 0.264061955
 1.6386718 0.220051629
 1.7410888 0.147748951
 1.8435058 0.204333656
 1.9459228 0.163466925
 2.0483398 0.116313004
 2.1507568 0.132030978
 2.2531737 0.091164246
 2.3555907 0.088020652
 2.4580077 0.100595031
 2.5604247 0.078589868
 2.6628417 0.113169409
 2.7652587 0.034579542
 2.8676757 0.103738625
 2.9700927 0.069159083
 3.0725096 0.056584705
 3.1749266 0.040866731
 3.2773436 0.031435947
 3.3797606 0.053441110
 3.4821776 0.031435947
 3.5845946 0.031435947
 3.6870116 0.031435947
 3.7894286 0.018861568
 3.8918456 0.022005163
 3.9942625 0.044010326
 4.0966795 0.018861568
 4.1990965 0.022005163
 4.3015135 0.015717974
 4.4039305 0.025148758
 4.5063475 0.003143595
 4.6087645 0.015717974
 4.7111815 0.015717974
 4.8135984 0.009430784
 4.9160154 0.003143595
 5.0184324 0.012574379
 5.1208494 0.022005163
 5.2232664 0.003143595
 5.3256834 0.012574379
 5.4281004 0.022005163
 5.5305174 0.006287189
 5.6329343 0.003143595
 5.7353513 0.003143595
 5.8377683 0.003143595
 5.9401853 0.003143595
 6.0426023 0.006287189
 6.1450193 0.003143595
 6.2474363 0.003143595
 6.3498533 0.003143595
 6.4522703 0.003143595
 6.5546872 0.003143595
 6.6571042 0.003143595
