   5.120849    8.442751
  10.241699   23.409902
  15.362548   42.151375
  20.483398   67.188828
  25.604247   97.293927
  30.725096  137.330235
  35.845946  183.745024
  40.966795  223.347879
  46.087645  288.034245
  51.208494  344.156634
  56.329343  420.479910
  61.450193  488.698594
  66.571042  560.070581
  71.691892  648.964505
  76.812741  750.464791
  81.933591  805.538485
  87.054440  940.443245
  92.175289 1053.130043
  97.296139 1185.086326
 102.416988 1328.206864
 107.537838 1456.777748
 112.658687 1510.659581
 117.779536 1541.413358
 122.900386 1775.201851
 128.021235 1837.247982
 133.142085 2051.337776
 138.262934 2134.229968
 143.383783 2373.644444
 148.504633 2346.229136
 153.625482 2667.371552
