 0.1465589 0.432604687
 0.2931178 0.580323361
 0.4396767 1.093821607
 0.5862356 0.580323361
 0.7327944 0.488878467
 0.8793533 0.488878467
 1.0259122 0.457224466
 1.1724711 0.928517377
 1.3190300 0.288403125
 1.4655889 0.168821341
 1.6121478 0.098479116
 1.7587067 0.105513338
 1.9052655 0.126616006
 2.0518244 0.101996227
 2.1983833 0.056273780
 2.3449422 0.144201562
 2.4915011 0.098479116
 2.6380600 0.045722447
 2.7846189 0.059790892
 2.9311778 0.045722447
 3.0777366 0.045722447
 3.2242955 0.049239558
 3.3708544 0.028136890
 3.5174133 0.014068445
 3.6639722 0.035171113
 3.8105311 0.035171113
 3.9570900 0.028136890
 4.1036489 0.035171113
 4.2502078 0.017585556
 4.3967666 0.007034223
 4.5433255 0.014068445
 4.6898844 0.014068445
 4.8364433 0.007034223
 4.9830022 0.007034223
 5.1295611 0.014068445
 5.2761200 0.007034223
 5.4226789 0.007034223
 5.5692377 0.007034223
 5.7157966 0.007034223
 5.8623555 0.003517111
 6.0089144 0.003517111
 6.1554733 0.003517111
 6.3020322 0.003517111
 6.4485911 0.007034223
 6.5951500 0.007034223
 6.7417088 0.003517111
 6.8882677 0.007034223
 7.0348266 0.003517111
 7.1813855 0.003517111
 7.3279444 0.003517111
 7.4745033 0.003517111
