   7.327944    9.102833
  14.655889   29.513935
  21.983833   60.015198
  29.311778  100.830954
  36.639722  148.552503
  43.967666  205.265585
  51.295611  273.374394
  58.623555  343.029086
  65.951500  424.332308
  73.279444  501.296754
  80.607388  590.325383
  87.935333  683.450229
  95.263277  804.195556
 102.591222  891.315883
 109.919166 1021.518738
 117.247110 1140.084898
 124.575055 1194.481175
 131.902999 1359.852237
 139.230944 1450.104637
 146.558888 1591.545779
 153.886832 1774.257888
 161.214777 1879.600000
 168.542721 2054.921600
 175.870666 2096.472590
 183.198610 2385.724008
 190.526554 2389.360544
 197.854499 2545.061224
 205.182443 2637.512465
 212.510388 2796.986150
 219.838332 3221.479224
