   5.281041    8.42546
  10.562081   23.83940
  15.843122   43.60635
  21.124162   70.93477
  26.405203  101.75825
  31.686243  143.46198
  36.967284  191.06744
  42.248324  242.48517
  47.529365  301.20873
  52.810405  371.96600
  58.091446  436.70777
  63.372486  510.65498
  68.653527  601.06978
  73.934567  686.95559
  79.215608  782.59891
  84.496648  875.81239
  89.777689 1013.18363
  95.058729 1098.53938
 100.339770 1202.78026
 105.620811 1326.97038
 110.901851 1431.35398
 116.182892 1525.63265
 121.463932 1780.66971
 126.744973 1909.85780
 132.026013 2024.51240
 137.307054 2163.71378
 142.588094 2319.73702
 147.869135 2462.41316
 153.150175 2674.48800
 158.431216 2875.91111
