 0.1056208 0.950917539
 0.2112416 0.752465183
 0.3168624 0.967455235
 0.4224832 0.672532984
 0.5281041 0.501643455
 0.6337249 0.482349476
 0.7393457 0.496130890
 0.8449665 0.631188743
 0.9505873 0.330753927
 1.0562081 0.325241361
 1.1618289 0.319728796
 1.2674497 0.341779058
 1.3730705 0.239796597
 1.4786913 0.187427225
 1.5843122 0.242552880
 1.6899330 0.187427225
 1.7955538 0.135057853
 1.9011746 0.162620681
 2.0067954 0.146082984
 2.1124162 0.099226178
 2.2180370 0.115763874
 2.3236578 0.085444764
 2.4292786 0.088201047
 2.5348995 0.096469895
 2.6405203 0.068907068
 2.7461411 0.104738743
 2.8517619 0.035831675
 2.9573827 0.085444764
 3.0630035 0.057881937
 3.1686243 0.057881937
 3.2742451 0.033075393
 3.3798659 0.030319110
 3.4854867 0.044100524
 3.5911076 0.024806544
 3.6967284 0.030319110
 3.8023492 0.033075393
 3.9079700 0.016537696
 4.0135908 0.019293979
 4.1192116 0.035831675
 4.2248324 0.016537696
 4.3304532 0.016537696
 4.4360740 0.013781414
 4.5416949 0.019293979
 4.6473157 0.008268848
 4.7529365 0.011025131
 4.8585573 0.019293979
 4.9641781 0.011025131
 5.0697989 0.002756283
 5.1754197 0.011025131
 5.2810405 0.016537696
 5.3866613 0.008268848
 5.4922821 0.013781414
 5.5979030 0.016537696
 5.7035238 0.008268848
 5.8091446 0.002756283
 5.9147654 0.002756283
 6.0203862 0.008268848
 6.1260070 0.002756283
 6.2316278 0.005512565
 6.3372486 0.002756283
 6.4428694 0.002756283
 6.5484903 0.002756283
 6.6541111 0.002756283
 6.7597319 0.002756283
 6.8653527 0.002756283
