   8.828599   13.64923
  17.657198   42.74896
  26.485796   85.99643
  35.314395  145.11601
  44.142994  221.35201
  52.971593  307.89154
  61.800192  418.19267
  70.628790  532.02681
  79.457389  656.48682
  88.285988  813.59135
  97.114587  957.90864
 105.943185 1136.22924
 114.771784 1279.88628
 123.600383 1510.13687
 132.428982 1701.51743
 141.257581 1929.87951
 150.086179 2116.45806
 158.914778 2269.42538
 167.743377 2530.32140
 176.571976 2787.88245
 185.400575 3021.21212
 194.229173 3236.48699
 203.057772 3476.56400
 211.886371 3746.71344
 220.714970 4071.71468
 229.543568 4138.57888
 238.372167 4401.75360
 247.200766 4856.52160
 256.029365 5203.08507
 264.857964 5125.46692
