 0.1765720 1.17936580
 0.3531440 0.45454724
 0.5297159 0.75962624
 0.7062879 0.62039555
 0.8828599 0.45864226
 1.0594319 0.37059932
 1.2360038 0.23751117
 1.4125758 0.17813338
 1.5891478 0.16789583
 1.7657198 0.15970579
 1.9422917 0.10647052
 2.1188637 0.07780538
 2.2954357 0.10647052
 2.4720077 0.11261305
 2.6485796 0.07166285
 2.8251516 0.06142530
 3.0017236 0.06756783
 3.1782956 0.05937779
 3.3548675 0.03071265
 3.5314395 0.03480767
 3.7080115 0.03276016
 3.8845835 0.03480767
 4.0611554 0.09009044
 4.2377274 0.02661763
 4.4142994 0.00614253
 4.5908714 0.02252261
 4.7674433 0.01023755
 4.9440153 0.01638008
 5.1205873 0.02252261
 5.2971593 0.01023755
 5.4737312 0.00204751
 5.6503032 0.00614253
 5.8268752 0.02457012
 6.0034472 0.00409502
 6.1800192 0.00204751
 6.3565911 0.00204751
 6.5331631 0.00819004
 6.7097351 0.00204751
 6.8863071 0.00409502
 7.0628790 0.00204751
 7.2394510 0.00204751
 7.4160230 0.00204751
 7.5925950 0.00409502
 7.7691669 0.00204751
 7.9457389 0.00204751
 8.1223109 0.00204751
 8.2988829 0.00204751
 8.4754548 0.00204751
