  2.93024   3.669869
  5.86048   9.807175
  8.79072  17.624724
 11.72096  27.007241
 14.65120  37.114361
 17.58144  50.614033
 20.51168  67.601299
 23.44192  81.546226
 26.37216 104.494609
 29.30240 124.367927
 32.23264 150.206341
 35.16288 174.237522
 38.09312 200.964023
 41.02336 230.784831
 43.95360 265.163958
 46.88384 286.158512
 49.81408 337.895429
 52.74432 366.123851
 55.67456 421.553035
 58.60480 459.461302
 61.53504 510.782585
 64.46528 521.342143
 67.39552 535.688520
 70.32576 622.643645
 73.25600 626.574394
 76.18624 718.763015
 79.11648 727.512902
 82.04672 813.932840
 84.97696 772.400000
 87.90720 899.024337
