 0.0586048 1.091912682
 0.1172096 0.925349730
 0.1758144 1.110419676
 0.2344192 0.638491314
 0.2930240 0.842068254
 0.3516288 0.694012298
 0.4102336 0.694012298
 0.4688384 0.805054265
 0.5274432 0.555209838
 0.5860480 0.481181860
 0.6446528 0.536702843
 0.7032576 0.416407379
 0.7618624 0.416407379
 0.8204672 0.444167870
 0.8790720 0.360886395
 0.9376768 0.360886395
 0.9962816 0.323872406
 1.0548864 0.407153881
 1.1134912 0.314618908
 1.1720960 0.268351422
 1.2307008 0.259097924
 1.2893056 0.212830438
 1.3479104 0.175816449
 1.4065152 0.268351422
 1.4651200 0.203576941
 1.5237248 0.342379400
 1.5823296 0.148055957
 1.6409344 0.240590930
 1.6995392 0.185069946
 1.7581440 0.175816449
 1.8167488 0.194323443
 1.8753536 0.157309454
 1.9339584 0.120295465
 1.9925632 0.064774481
 2.0511680 0.120295465
 2.1097728 0.148055957
 2.1683776 0.101788470
 2.2269824 0.129548962
 2.2855872 0.203576941
 2.3441920 0.064774481
 2.4027968 0.101788470
 2.4614016 0.064774481
 2.5200064 0.083281476
 2.5786112 0.083281476
 2.6372160 0.055520984
 2.6958208 0.055520984
 2.7544256 0.064774481
 2.8130304 0.092534973
 2.8716352 0.027760492
 2.9302399 0.037013989
 2.9888447 0.037013989
 3.0474495 0.074027978
 3.1060543 0.074027978
 3.1646591 0.111041968
 3.2232639 0.074027978
 3.2818687 0.027760492
 3.3404735 0.018506995
 3.3990783 0.046267487
 3.4576831 0.055520984
 3.5162879 0.037013989
 3.5748927 0.027760492
 3.6334975 0.055520984
 3.6921023 0.055520984
 3.7507071 0.037013989
 3.8093119 0.018506995
 3.8679167 0.046267487
 3.9265215 0.018506995
 3.9851263 0.018506995
 4.0437311 0.009253497
 4.1023359 0.009253497
 4.1609407 0.027760492
 4.2195455 0.009253497
 4.2781503 0.009253497
 4.3367551 0.018506995
 4.3953599 0.009253497
 4.4539647 0.027760492
 4.5125695 0.018506995
 4.5711743 0.037013989
 4.6297791 0.018506995
 4.6883839 0.027760492
 4.7469887 0.018506995
 4.8055935 0.018506995
 4.8641983 0.009253497
 4.9228031 0.009253497
 4.9814079 0.009253497
 5.0400127 0.009253497
 5.0986175 0.009253497
 5.1572223 0.009253497
 5.2158271 0.009253497
 5.2744319 0.009253497
 5.3330367 0.009253497
 5.3916415 0.009253497
 5.4502463 0.009253497
