   4.529391    5.669504
   9.058781   18.153966
  13.588172   35.932336
  18.117562   60.492160
  22.646953   86.653817
  27.176343  119.974399
  31.705734  154.531394
  36.235124  197.016708
  40.764515  241.866667
  45.293906  297.994711
  49.823296  380.290000
  54.352687  426.102552
  58.882077  530.619794
  63.411468  505.446676
  67.940858  653.272462
  72.470249  747.140496
  76.999639  895.375000
  81.529030  975.822222
  86.058420 1085.602041
  90.587811 1102.030612
  95.117202 1150.514793
  99.646592 1640.137600
 104.175983 1295.055556
 108.705373 1822.952741
 113.234764 1495.520661
 117.764154 2052.712018
 122.293545 1988.217687
 126.822935 1701.805556
 131.352326 2285.667590
 135.881717 2451.916898
