 0.09058781 0.474607236
 0.18117562 0.940425448
 0.27176343 1.801749691
 0.36235124 0.544919419
 0.45293906 0.711910853
 0.54352687 0.676754762
 0.63411468 0.465818213
 0.72470249 0.448240167
 0.81529030 0.544919419
 0.90587811 0.834957174
 0.99646592 0.281248732
 1.08705373 0.228514595
 1.17764154 0.254881664
 1.26822935 0.237303618
 1.35881717 0.079101206
 1.44940498 0.184569481
 1.53999279 0.202147526
 1.63058060 0.500974304
 1.72116841 0.140624366
 1.81175622 0.070312183
 1.90234403 0.105468275
 1.99293184 0.131835343
 2.08351965 0.087890229
 2.17410746 0.070312183
 2.26469528 0.043945114
 2.35528309 0.096679252
 2.44587090 0.061523160
 2.53645871 0.070312183
 2.62704652 0.061523160
 2.71763433 0.035156092
 2.80822214 0.079101206
 2.89880995 0.035156092
 2.98939776 0.017578046
 3.07998558 0.035156092
 3.17057339 0.026367069
 3.26116120 0.026367069
 3.35174901 0.017578046
 3.44233682 0.035156092
 3.53292463 0.008789023
 3.62351244 0.035156092
 3.71410025 0.017578046
 3.80468806 0.026367069
 3.89527587 0.026367069
 3.98586369 0.008789023
 4.07645150 0.026367069
 4.16703931 0.008789023
 4.25762712 0.008789023
 4.34821493 0.008789023
 4.43880274 0.008789023
 4.52939055 0.008789023
 4.61997836 0.035156092
 4.71056617 0.008789023
 4.80115398 0.017578046
 4.89174180 0.008789023
 4.98232961 0.008789023
 5.07291742 0.008789023
 5.16350523 0.008789023
 5.25409304 0.008789023
 5.34468085 0.008789023
 5.43526866 0.008789023
 5.52585647 0.008789023
 5.61644428 0.008789023
 5.70703210 0.008789023
 5.79761991 0.008789023
 5.88820772 0.008789023
 5.97879553 0.008789023
 6.06938334 0.008789023
