 0.07175331 0.958543411
 0.14350661 0.859784393
 0.21525992 1.150252094
 0.28701322 0.819118915
 0.35876653 0.691313127
 0.43051983 0.609982171
 0.50227314 0.592554109
 0.57402644 0.766834729
 0.64577975 0.470557675
 0.71753305 0.395036073
 0.78928636 0.476367029
 0.86103966 0.557697985
 0.93279297 0.365989303
 1.00454627 0.331133178
 1.07629958 0.226564806
 1.14805288 0.267230284
 1.21980619 0.191708682
 1.29155949 0.325323824
 1.36331280 0.243992868
 1.43506610 0.214946098
 1.50681941 0.226564806
 1.57857271 0.191708682
 1.65032602 0.121996434
 1.72207932 0.185899328
 1.79383263 0.151043204
 1.86558593 0.197518036
 1.93733924 0.092949664
 2.00909254 0.156852558
 2.08084585 0.162661912
 2.15259915 0.139424496
 2.22435246 0.063902894
 2.29610576 0.087140310
 2.36785907 0.075521602
 2.43961237 0.081330956
 2.51136568 0.052284186
 2.58311898 0.110377726
 2.65487229 0.063902894
 2.72662559 0.098759018
 2.79837890 0.098759018
 2.87013220 0.046474832
 2.94188551 0.040665478
 3.01363881 0.052284186
 3.08539212 0.034856124
 3.15714542 0.052284186
 3.22889873 0.034856124
 3.30065203 0.029046770
 3.37240534 0.046474832
 3.44415864 0.046474832
 3.51591195 0.034856124
 3.58766525 0.040665478
 3.65941856 0.040665478
 3.73117186 0.034856124
 3.80292517 0.040665478
 3.87467847 0.087140310
 3.94643178 0.034856124
 4.01818508 0.040665478
 4.08993839 0.029046770
 4.16169169 0.040665478
 4.23344500 0.011618708
 4.30519830 0.017428062
 4.37695161 0.011618708
 4.44870491 0.011618708
 4.52045822 0.005809354
 4.59221152 0.005809354
 4.66396483 0.023237416
 4.73571813 0.005809354
 4.80747144 0.011618708
 4.87922474 0.011618708
 4.95097805 0.005809354
 5.02273135 0.005809354
 5.09448466 0.005809354
 5.16623796 0.011618708
 5.23799127 0.011618708
 5.30974457 0.005809354
 5.38149788 0.011618708
 5.45325118 0.011618708
 5.52500449 0.005809354
 5.59675779 0.005809354
 5.66851110 0.005809354
 5.74026440 0.005809354
 5.81201771 0.005809354
 5.88377101 0.005809354
 5.95552432 0.005809354
 6.02727762 0.005809354
 6.09903093 0.005809354
 6.17078423 0.005809354
 6.24253754 0.005809354
 6.31429084 0.005809354
