   3.587665    5.238312
   7.175331   14.550691
  10.762996   26.263518
  14.350661   41.782046
  17.938326   58.669424
  21.525992   80.826078
  25.113657  107.955058
  28.701322  136.409908
  32.288987  167.859386
  35.876653  203.551330
  39.464318  240.021393
  43.051983  282.175908
  46.639648  332.340712
  50.227314  376.983433
  53.814979  430.902763
  57.402644  488.378386
  60.990309  565.662070
  64.577975  615.279474
  68.165640  675.722650
  71.753305  736.173073
  75.340970  798.771219
  78.928636  860.140590
  82.516301 1004.376780
  86.103966 1077.851031
  89.691631 1142.468099
  93.279297 1225.056604
  96.866962 1298.339869
 100.454627 1366.562266
 104.042292 1513.244002
 107.629958 1612.622222
