   4.488568    7.552337
   8.977136   26.811007
  13.465704   55.327708
  17.954272   93.957377
  22.442840  143.446711
  26.931408  203.254931
  31.419976  275.982468
  35.908544  345.903152
  40.397112  444.775796
  44.885680  532.297957
  49.374248  624.808521
  53.862816  741.404194
  58.351384  839.271405
  62.839952 1009.382545
  67.328520 1129.051154
  71.817088 1272.821728
  76.305656 1377.998810
  80.794224 1512.402367
  85.282792 1671.808619
  89.771360 1819.856327
  94.259928 2022.282828
  98.748496 2151.238293
 103.237064 2365.011446
 107.725632 2471.926278
 112.214200 2704.000000
 116.702768 2799.179698
 121.191336 2956.009600
 125.679904 3338.889600
 130.168472 3422.211720
 134.657040 3544.948960
