 0.08977136 1.336430579
 0.17954272 0.686880521
 0.26931408 0.791405818
 0.35908544 1.328964486
 0.44885680 1.052719059
 0.53862816 0.485296020
 0.62839952 0.582355224
 0.71817088 0.335974168
 0.80794224 0.261313242
 0.89771360 0.500228205
 0.98748496 0.209050593
 1.07725632 0.358372446
 1.16702768 0.223982779
 1.25679904 0.209050593
 1.34657040 0.179186223
 1.43634176 0.149321852
 1.52611312 0.149321852
 1.61588448 0.134389667
 1.70565584 0.082127019
 1.79542720 0.134389667
 1.88519856 0.119457482
 1.97496992 0.059728741
 2.06474128 0.291177612
 2.15451264 0.074660926
 2.24428400 0.059728741
 2.33405535 0.044796556
 2.42382671 0.089593111
 2.51359807 0.059728741
 2.60336943 0.119457482
 2.69314079 0.037330463
 2.78291215 0.014932185
 2.87268351 0.059728741
 2.96245487 0.074660926
 3.05222623 0.059728741
 3.14199759 0.037330463
 3.23176895 0.059728741
 3.32154031 0.029864370
 3.41131167 0.029864370
 3.50108303 0.037330463
 3.59085439 0.037330463
 3.68062575 0.022398278
 3.77039711 0.022398278
 3.86016847 0.044796556
 3.94993983 0.014932185
 4.03971119 0.014932185
 4.12948255 0.007466093
 4.21925391 0.014932185
 4.30902527 0.037330463
 4.39879663 0.014932185
 4.48856799 0.029864370
 4.57833935 0.037330463
 4.66811071 0.014932185
 4.75788207 0.014932185
 4.84765343 0.007466093
 4.93742479 0.007466093
 5.02719615 0.007466093
 5.11696751 0.007466093
 5.20673887 0.014932185
 5.29651023 0.007466093
 5.38628159 0.007466093
 5.47605295 0.007466093
 5.56582431 0.007466093
 5.65559567 0.007466093
 5.74536703 0.014932185
 5.83513839 0.007466093
 5.92490975 0.014932185
 6.01468111 0.007466093
 6.10445247 0.014932185
 6.19422383 0.014932185
 6.28399519 0.007466093
 6.37376655 0.007466093
 6.46353791 0.007466093
 6.55330927 0.007466093
 6.64308063 0.007466093
 6.73285199 0.007466093
 6.82262335 0.007466093
 6.91239471 0.007466093
 7.00216606 0.007466093
 7.09193742 0.007466093
 7.18170878 0.007466093
 7.27148014 0.007466093
 7.36125150 0.007466093
 7.45102286 0.007466093
